CLASS	VORO.protein3.ROUND	VORO.protein3.AR	VORO.Feret.norm	VORO.Area.norm	CYTO.Area.norm	NUVO.distance.norm
EDGE	-0.0883037511527951	-0.0680321336001364	1.48856123152284	1.80515863369042	0.408903484362057	1.67456631507552
EDGE	-0.796221363993424	0.556259113454035	0.78415878603772	0.889064360806672	0.154611689671212	1.0869794793984
EDGE	-1.71248793211519	1.61194687190495	1.42224377164255	1.2806600374182	0.881671884153555	1.40322306313011
EDGE	-1.53099943414481	1.37426952665949	1.24923441900994	1.05703740578709	1.07395652318205	0.970964039319334
EDGE	-0.403596831552995	0.194015926912562	2.58497843137638	2.62854645874716	1.49179087181989	2.31836205504272
EDGE	-2.16280769226315	2.28441312510814	2.057822154102	2.00168090087396	0.210424719637432	2.40956275944012
EDGE	-1.7599037817646	1.67676721611747	1.75327266386038	1.72623237129323	-0.196073879633821	2.29694559779757
EDGE	-0.94308636926032	0.704118386211863	0.901496817792228	1.31573592792974	-0.338603858010906	1.61094343131637
EDGE	-0.804415460180827	0.564330900241336	1.79207725010355	2.07465435305873	2.57991817960006	1.87427218228972
EDGE	-0.326644991409266	0.128049273205148	1.47430640625089	1.99030842424771	2.04108918804618	1.84157579041238
EDGE	-1.47214965861948	1.30034481175287	3.36417829563047	3.36023672228521	-0.4626736619792	1.90201734663293
EDGE	-0.17796653484562	0.00423225000872926	2.22346629222255	2.66154346323248	1.08267971452263	1.64559341154364
EDGE	-0.627571311854216	0.395270476288822	2.19994706354926	2.29204316603536	0.00307491133894079	2.33860287401858
EDGE	0.411225394023893	-0.438984431440213	0.599869824009606	0.726051295225157	1.01859351977704	0.416947157743454
EDGE	-2.24216596375987	2.41779732787632	2.23261322329202	1.92323451848325	2.34449440486876	2.07293936361801
EDGE	-2.36949991587945	2.64154316203421	2.19267199705883	1.65889134946387	0.399348177994295	2.00410058382556
EDGE	-2.16757673616206	2.29229722460747	3.18114869825812	3.08037565773626	0.574118366734146	3.91367272336676
EDGE	-2.39183030593656	2.682189683978	2.59719185111185	2.68111153046933	2.19087361997979	3.08497453002884
EDGE	-0.669005419846306	0.434005016216097	2.53485657811818	3.02051968595928	0.9994401715132	2.99760726215896
EDGE	-1.26823345896258	1.05744794505549	2.45429244694817	3.06830548511369	1.63667923719087	2.76652718231598
EDGE	-1.63508364888072	1.50823523777312	1.26632364396426	1.03144656772712	2.08436739784119	1.21846268446584
EDGE	-1.92487217724803	1.91292839259739	2.82677064714817	2.85851039764155	3.10725921893452	2.8818738039439
EDGE	-0.220117301537579	0.0385745261298368	2.98880824627519	3.53678819896299	1.65890130403203	2.58802719810732
EDGE	-0.467102535618849	0.2497593253951	1.63712940481779	1.83112273305521	0.952755433312871	1.87563870104003
EDGE	-1.0399422226271	0.805136701142134	0.266764852056181	-0.0449820109610948	0.419236158232129	0.370919498891789
EDGE	-2.38554427330769	2.67134964140112	1.74900323669119	1.1949500570138	0.722215854960368	1.70904826250055
EDGE	-1.30344714017294	1.09819555625858	1.79468434658484	1.79205287226272	0.553810302851804	1.98815198001318
EDGE	-0.987797306250611	0.750073601194702	2.18893732979922	2.14031672426292	0.166552308486696	2.29013379538987
EDGE	-2.85197271202892	3.64027388854857	2.76967238554222	2.21695982880267	-0.0176722363602754	3.02742895805005
EDGE	-1.35683907811465	1.16069683237251	0.588715529314148	0.528593054494019	1.78493937997615	0.445243354687807
EDGE	-0.447947379558332	0.232663883137643	0.700639895082158	0.748506575882472	2.3799372413278	0.815845352508606
EDGE	-1.53163432635071	1.37468547786566	0.294849237294368	-0.122481950533488	0.636737485290527	0.0325492310728987
EDGE	-1.66016698506257	1.54127519322849	3.81615546928562	4.08729386944727	1.01063699376532	4.52839200465671
EDGE	-2.52344489031164	2.93306370333446	3.77058932085322	3.21509373715879	0.84450176667399	3.54719159652357
EDGE	-2.91840359812793	3.80117051735791	3.46541177380752	3.3435722703439	1.79637074139564	3.82818628651723
EDGE	-0.980031455903936	0.741996274883351	0.861875864965556	0.80383382877021	1.40613651366123	0.714749802187149
EDGE	-0.406957557741984	0.197041151812719	0.281997480234801	0.0841880559239866	0.836314609347634	0.30411413489911
EDGE	-2.69595934377732	3.28793108964607	3.10373389929956	2.86291898854569	2.182454482779	3.03752339045218
EDGE	-3.20825774727263	4.59072374621003	3.7574382597743	3.44797770219909	1.28416545663233	2.21415352657651
EDGE	-1.48477303718709	1.31637373719234	1.83596344676462	1.77010765699119	2.00856880557897	0.666126082438058
EDGE	-2.11051456962169	2.19971985793567	1.92344782915172	1.84638459783298	0.596553237587792	2.224717601649
EDGE	-1.33942080543951	1.14005195863382	1.7563307703753	1.69635883581425	2.22859789594014	1.46812794124403
EDGE	0.379971251217739	-0.417053430429084	0.0421996320168429	0.629966408903463	0.994857366381444	0.121348781839324
EDGE	-1.53417434381381	1.37801176964972	2.6708164825341	2.90758914193817	2.04217060992495	3.09671121397536
EDGE	-2.95477905603809	3.89195333605906	2.70476806531572	2.17641347097836	2.81987785404023	2.20173357878671
EDGE	-2.42122340374185	2.73716298936529	2.28310222896436	1.98615667669629	1.77823918780403	2.41311006715818
EDGE	-0.88145301639842	0.640899551951767	1.06840641635036	1.14425534716816	0.239411856145922	1.20053636926475
EDGE	-1.24298937051102	1.02814711471283	0.262470685848556	0.602701121275421	0.591153706528036	0.40184879781037
EDGE	-0.995569873344373	0.758453076644164	1.41187229560352	1.73913589415298	1.30568284421119	1.77733023794277
EDGE	-3.45728682321475	5.41997224536225	1.71809379809545	-0.0401983028217773	0.265242510815482	1.15359941469875
EDGE	-2.55896502242341	3.00272599462129	4.14892018331343	4.03830997508368	2.88221385933119	4.68151992968864
EDGE	-1.3015903444658	1.09599002115347	1.08874478858281	0.998087978066204	0.0103969284675324	1.23858144860581
EDGE	0.664385282139237	-0.609115434516003	1.4383003022785	1.83920070228931	0.48139505884923	1.72617497470473
EDGE	-0.135468979320516	-0.0303615210627593	0.0569023833751962	-0.185788573544679	-0.152409222867085	-0.00840963900124709
EDGE	-0.660357545827274	0.426215686855879	0.742646050470774	0.707184337377001	0.49411784323127	0.84135188669147
EDGE	-1.40366218097483	1.21665098493337	1.33581565161029	1.29298813207367	0.624980637585748	1.53790971957999
EDGE	0.166508151155141	-0.263184115761336	1.38362278801418	1.76912652659958	1.24896004364779	1.86609528109995
EDGE	-1.63893806958086	1.51375796981624	0.905353207590024	0.86978513334384	0.252758759263918	1.17794762426299
EDGE	-0.46541073145497	0.247999766198631	0.552835750913841	0.584499047021617	0.250300231395004	0.864429864902605
EDGE	-1.41995130456745	1.23625072616721	0.759283906118226	0.581297403862615	0.831800556612551	0.978141606867919
EDGE	-0.97764331299203	0.739459362919504	1.60602839619057	1.65744938544401	0.998098920119835	1.73509044192222
EDGE	-2.14579602299381	2.25654214213353	0.879876095819859	0.388309041443408	0.208107926505624	1.08571811178884
EDGE	-0.869058950386484	0.628575793502284	0.451873883925157	0.0919913323777176	-2.49443800304192	0.0390020041116835
EDGE	-1.882520020039	1.85128965433816	1.00881928549695	0.466483631607099	0.996319597085513	0.462775490754988
EDGE	-0.607498527711046	0.376811086702962	0.619382234931346	0.898523851976468	-0.272960479834337	1.01350759577489
EDGE	-0.959752441614812	0.721344321502876	0.149970770153364	-0.393276287506136	-0.164490797889076	-0.626117062675753
EDGE	-1.66467654263756	1.54742783218441	0.515761888097103	-0.00948961115349306	0.304382680877712	0.207766172717598
EDGE	-0.986602123149418	0.749282316829606	0.791992937975432	0.88865646607547	0.0405232368588842	1.34129894724746
EDGE	-0.437260784478436	0.223473779485324	0.186813321948994	0.21505816532123	0.350967951157592	0.294937063034909
EDGE	-0.648839977157318	0.415187082316717	0.187383134176945	0.111559803683694	-0.0813469834428641	0.395876124863894
INTERIOR	1.07884661242838	-0.865566357923164	-0.127835117928966	-0.00782590991473239	0.893663851092702	-0.686925300607652
INTERIOR	0.537183840612688	-0.524838333749537	-0.317758770464681	-0.0638571021597413	0.752655095539386	-0.57281773864334
INTERIOR	-0.836679080126274	0.59631735026355	-0.101500952056366	-0.136789999677073	0.563836976178394	-0.532517551134834
INTERIOR	-0.874368600008963	0.634255202605926	-0.217175540387728	-0.364683857808504	0.0167088829038117	-0.533451165664223
INTERIOR	-0.0623871312448506	-0.088397817620031	-0.0921486867527655	0.155539373211736	-2.85931175579156	-0.189622486820414
INTERIOR	-0.226155011275812	0.0439065405943196	-0.222445646386938	-0.0676117703042845	0.768130027432882	-0.458145677596066
INTERIOR	-0.150701399475134	-0.0180572936427023	0.403154237718945	0.242719722229067	1.51372363251351	-0.247637112309556
INTERIOR	-0.190536329193813	0.0145981537422114	0.101974604926845	0.321188638729543	1.70880176418405	-0.663317570448494
INTERIOR	1.01690280279175	-0.828951184316057	-0.171547313213448	-0.0338737395099206	0.787721991741082	-0.139007722464498
INTERIOR	-0.339424625656586	0.139047854472051	0.0132479535892763	0.175282275289164	1.35833442769895	-0.607734192847301
INTERIOR	1.22345652003789	-0.949399964636967	0.0300225638006006	0.436261477599312	1.47691060802842	-0.100796612163789
INTERIOR	-1.72415629349214	1.62774276319164	0.442600946164562	0.374159436117982	0.348676849342892	0.317413805861369
INTERIOR	-1.4042881400685	1.21751107266777	0.491800457157363	0.275303660833292	1.60568992575062	0.10155659452686
INTERIOR	1.19490760738857	-0.933101310675968	-0.390865198375666	-0.293257669102017	0.203110321264263	-0.173666019457736
INTERIOR	0.767717401867688	-0.675410747956108	-0.408820554493064	-0.451816764734133	-0.216511985949083	-0.404914727242988
INTERIOR	0.127529891370791	-0.234249890427128	-0.187964218212812	-0.196525946160541	0.450487621777238	-0.409491733077878
INTERIOR	1.07742194229704	-0.864898088025534	-0.117523882636142	0.122565323763213	1.23756372030809	-0.502341103397952
INTERIOR	0.53869677561297	-0.525874796996151	-0.0693005681062396	0.185112226263493	1.35944029772816	-0.407429929405467
INTERIOR	1.37451063807466	-1.03382477443154	-0.482832831901971	-0.173477864446409	0.494591488099877	-0.420345302297064
INTERIOR	0.888809821825913	-0.751122278014199	-0.558579766428265	-0.494567297415747	-0.333389694259557	-0.39465498602916
INTERIOR	0.160724772340891	-0.259263713428231	0.0668579426006861	0.316687359501342	1.66021333450646	-0.00508835258558019
INTERIOR	-0.652293698077853	0.418752986219867	-0.323182387479491	-0.296301018209357	0.194579070502966	-0.291491547130193
INTERIOR	0.0729933906547365	-0.193109903738359	-0.274105578970521	-0.0458787310228691	0.674413892739852	0.0458964879019132
INTERIOR	-1.34501585494552	1.14674961947492	0.457377039535897	0.15903463763902	1.2899082943913	-0.19739757453908
INTERIOR	0.188031650693038	-0.279095101139763	0.248758215481287	0.19134068426357	1.31656951937313	-0.233158644558388
INTERIOR	0.541217768062138	-0.527533611347371	-0.30738473723572	-0.173852876465676	0.504478921612885	-0.328101120369198
INTERIOR	0.178588656768521	-0.272213407628906	0.157894618143899	0.113569594749801	1.14720048019329	-0.303666888966897
INTERIOR	0.152305935283112	-0.252802154270059	0.128796033742263	0.425324631412095	0.950217717643568	-0.465897588215282
INTERIOR	0.40457378314032	-0.434305400202888	-0.273474766899471	-0.310233741778247	0.140977241577462	-0.581636860743001
INTERIOR	1.3878257954481	-1.04121776428328	-0.491337673383283	-0.546458149462977	-0.488400984661197	-0.427284952805464
INTERIOR	0.695162977081472	-0.628779390237196	-0.40912582452153	-0.366914185695264	0.00588462029955163	-0.386057411162872
INTERIOR	0.0357399486567323	-0.164792493527891	0.342759237446382	0.476215966834441	1.79191173688581	-0.0749493029696481
INTERIOR	0.504340880771086	-0.502712351752479	-0.462687034401298	-0.347596470653688	-0.0901381129342152	-0.54630923578681
INTERIOR	-0.13438193665261	-0.0309215663344314	-0.48947660692729	-0.358542346847544	0.0315545418575565	-0.334084708809867
INTERIOR	1.44590573497499	-1.0727676943943	-0.1467896202478	-0.256667983237939	0.296701482665578	-0.407124881917954
INTERIOR	0.88153186198265	-0.746775474376322	-0.46306720337505	-0.437849252653879	-0.179021101373856	-0.551627913883418
INTERIOR	0.463753303282727	-0.474943446802375	-0.132733159384998	0.16727464108767	1.17165759136184	-0.390497117421663
INTERIOR	-0.986602123149418	0.748807482580812	0.0953235347929549	-0.146738930388124	0.574749319829284	-0.450013095773818
INTERIOR	-0.459773683393698	0.243245680028738	-0.316580763431627	-0.483535521430954	-0.301435188093668	-0.536222170351674
INTERIOR	-0.526517233113078	0.302765537170691	-0.427872310373973	-0.613971558363551	-0.661067641050422	-0.684189298646298
INTERIOR	0.696649550114214	-0.629838914413476	-0.176100234126605	-0.257610202411316	0.296088171286809	-0.18955026128956
INTERIOR	-0.813789299455284	0.573703208634241	-0.0618733098773677	-0.236269258145631	0.350211086006346	-0.2232016667395
INTERIOR	-0.675352487365652	0.439923087619396	-0.518680425448259	-0.709546404379808	-0.937442402388817	-0.362407860104399
INTERIOR	0.266339759690801	-0.336304666725637	-0.0474366215550141	0.121446564682812	1.22568125243177	-0.129263591116148
INTERIOR	1.3772671173329	-1.0356719374719	-0.704518820808091	-0.583737922636929	-0.578464891872888	-0.485655291039347
INTERIOR	1.08928729790472	-0.87180810667536	-0.174927136737781	-0.0255798716902691	0.798089518754748	-0.182852799414089
INTERIOR	-0.486863820267118	0.267494231107753	-0.237258586487651	-0.237390927444155	0.233988660914173	-0.164202985686561
INTERIOR	-0.481778195236146	0.262759733410304	0.0547634049296614	-0.0523376612207127	0.809324098744198	-0.184107868126566
INTERIOR	-0.0985830968308105	-0.0597601095623012	-0.238818133805459	-0.0662364973004388	0.751497210052166	-0.612934090524481
INTERIOR	0.670350487618552	-0.613126154058168	0.306454090827491	0.393474369092602	0.805141253315323	-0.180895708582037
INTERIOR	1.04554531859158	-0.846002953343414	0.00705602411811019	0.305127225311676	1.61995158247083	-0.180442853671744
INTERIOR	0.308861460572554	-0.366674481393424	0.241565023006305	0.371386782865092	1.4691303097251	0.102153873567492
INTERIOR	-0.535605490482943	0.311281904292263	-0.129186824102821	-0.156612553646506	0.55077840551082	-0.345732651301556
INTERIOR	0.828955827604326	-0.714085572077155	0.351955937149194	0.831186078722134	2.1644013100728	0.314851257974481
INTERIOR	1.06221139094607	-0.855996844539826	-0.241314107364964	-0.146079952484524	0.566119951599904	-0.59514075833284
INTERIOR	1.51764258398156	-1.11156493871504	-0.284548223672304	-0.293024515309293	0.190910727482211	-0.482583586083793
INTERIOR	0.92124627323224	-0.771169254170341	-0.813563383615367	-0.66152169491087	-0.793039728278425	-0.621949269334023
INTERIOR	-0.0969592603455092	-0.060887260252484	0.0442765132283226	-0.0268850911319407	0.855993093106667	-0.113596497320304
INTERIOR	1.41576931153782	-1.05650244485656	-0.188485727168412	0.524540466234999	1.90949167083247	-0.211957354249273
INTERIOR	1.3657762049361	-1.02921002437457	-0.182454538133567	0.0927954246480195	1.08707924309998	-0.515064674003289
INTERIOR	-0.390166480875255	0.182609437111283	0.126075701609737	0.177938047479506	-1.68705575504151	-0.381414440531959
INTERIOR	0.0889119973052485	-0.205104385088244	-0.540418816991231	-0.425161463140734	-0.15002268235796	-0.0780304474909613
INTERIOR	1.01212016205906	-0.826078377605204	-0.349675579750104	-0.287466376861345	0.2160699256211	-0.221509762444318
INTERIOR	1.18693516645768	-0.92858386888564	-0.38574805622749	-0.201612535253169	0.443222652848971	-0.197674005870213
INTERIOR	1.12384474380798	-0.892150937031086	-0.631445463097776	-0.454015558338354	-0.219247034712259	-0.201467893728779
INTERIOR	0.74113277564724	-0.658536266713375	-0.488601410846175	-0.383785111121378	-0.0356129809693216	-0.620500273108618
INTERIOR	1.32936804435195	-1.00918815427997	-0.273146418584159	-0.10795982000769	0.672737174112745	-0.40671666261351
INTERIOR	-0.16050732134062	-0.00987224414724368	0.119985424610791	-0.0805492205998805	0.742736640899847	-0.0750267516005052
INTERIOR	0.675815116382024	-0.616506245268179	-0.305928804789681	-0.274681264871208	0.251306806477689	-0.570116394882438
INTERIOR	-0.687482078577382	0.451737034341742	-0.351414263650702	-0.343022947288474	0.070921436902531	-0.484147613075794
INTERIOR	0.628011388345178	-0.585332301439947	-0.120736664069955	-0.0709944365740793	0.597964165919503	-0.11668604820973
INTERIOR	0.382537159845116	-0.418877130041281	0.074351650439572	0.264817469141865	1.14003468545723	-0.532526740835935
INTERIOR	1.01738092690267	-0.829172241828915	-0.287749269172582	0.0742314950488428	1.08322937144926	-0.53532769982117
INTERIOR	-0.0991244408702864	-0.059196635055741	-0.018243048702591	-0.235654201120373	0.340819804515866	-0.466709914638189
INTERIOR	0.0218635279853289	-0.153857783548926	-0.447434596638011	-0.321459830674482	0.128213156941708	-0.176124036432882
INTERIOR	0.734721010471975	-0.654486823352191	-0.616627214434485	-0.462396179070411	-0.243462617550918	-0.532585133398895
INTERIOR	0.278805975283956	-0.345075867915757	-0.421865308701767	-0.370425426709203	0.00150958125216143	-0.643382598782594
INTERIOR	0.684750074643655	-0.622215639192396	-0.745549880169305	-0.383135626179578	-0.0335207657917421	-0.431901586448739
INTERIOR	-2.15804117788186	2.27697401916719	0.127427505913581	-0.441867049308648	-0.183236859078919	-0.603682653256702
INTERIOR	1.39883033590129	-1.04723309967951	-0.578510731836573	-0.532790996368176	-0.437371423876584	-0.43970597994887
INTERIOR	0.0245337350246197	-0.156157725260352	-0.192295553578604	-0.429261838962067	-0.154423013287661	-0.418805648003256
INTERIOR	0.460193153142935	-0.472687971198114	-0.10287819405725	-0.0439763586853931	0.278196321461598	-0.221160439425166
INTERIOR	-0.124604465243033	-0.0387691797936257	-0.414089498608765	-0.387521587041321	-0.0851985665570636	-0.328497333919534
INTERIOR	-0.238242613852799	0.0538191104897834	-0.31659975396001	-0.303277755948798	0.102386248725625	-0.538146945752921
INTERIOR	0.566388872201678	-0.544361995065474	-0.0243094915770235	0.0223408000487159	0.488717615538154	-0.244813880370373
INTERIOR	-0.843733835211555	0.603504954350485	0.0994196372821548	-0.0581610150843367	0.402819292918897	-0.312480138807656
INTERIOR	-2.32223127678829	2.55713514056469	0.207584836544534	-0.389381251084013	-0.272812645041812	-0.722439897969245
INTERIOR	0.717435793131682	-0.643421854191891	-0.00559494396194908	0.0149502721013154	0.608682081500491	0.248951470174347
INTERIOR	0.0213293913555758	-0.15366617227585	-0.261662048055816	-0.435899662713154	-0.260736549792993	-0.0578270784388044
INTERIOR	-0.0683197585553327	-0.083675723102444	0.171310231346573	0.261712712825385	1.47998050382741	-0.160290955756984
INTERIOR	1.35841430254323	-1.02506060026615	-0.21354902335598	-0.164357235697135	0.330401097493466	-0.0213387912523099
INTERIOR	1.31272793353404	-0.999781899292502	-0.344136117949394	-0.219559346742538	0.267018806327069	-0.0988145941984708
INTERIOR	0.74113277564724	-0.658536266713375	-0.325786587507229	-0.088900976299631	0.660046566296044	-0.316652915128189
INTERIOR	0.0463995569578911	-0.172673491849333	-0.587079123577582	-0.766696773188166	-1.13448330170958	-0.6498945318333
INTERIOR	0.820651878687962	-0.708910597829312	-0.515236427646708	-0.382115181285467	-0.0252527876948951	-0.581748389393421
INTERIOR	0.633501815851951	-0.588692556608636	-0.238965078420759	-0.203186119707739	0.433747094609104	-0.45380798536296
INTERIOR	0.243440019733322	-0.319604736211088	-0.593787304532274	-0.831153492580909	-1.29396951674547	-0.722299112838501
INTERIOR	0.74113277564724	-0.658323051551408	-0.514254033649376	-0.569175076345654	-0.534737288352276	-0.549944012684143
INTERIOR	0.365588608062561	-0.406934566736139	-0.204505060087607	-0.255251346220832	0.29829923817497	-0.492751546907493
INTERIOR	0.630008295575131	-0.586592117036393	-0.53436409865885	-0.430384520063596	-0.162838317374074	-0.596185805039952
INTERIOR	0.590988340343217	-0.560832813609671	-0.523660995071936	-0.579640912159977	-0.565956677625353	-0.6055140780873
INTERIOR	-0.566916661802934	0.339329263221154	-0.421837809280595	-0.689357015584457	-0.869796103924234	-0.36566738120347
INTERIOR	-0.490255836559761	0.270297621877404	-0.323539853138689	-0.541963525581962	-0.460635766515965	-0.456774264913117
INTERIOR	1.12384474380798	-0.89192691272544	-0.733331851970899	-0.638889189943484	-0.728396291739132	-0.316495631978209
INTERIOR	0.161776572637576	-0.259655607282788	0.00884563596619632	-0.0284718075917902	0.860097715844895	-0.172692570309693
INTERIOR	-0.0618479956461265	-0.0887757891772924	-0.495607917426262	-0.376292144611148	-0.0152908024588009	-0.547874204619212
INTERIOR	-0.326644991409266	0.128049273205148	-0.586282024489035	-0.712199066823734	-0.937465117392365	-0.64856798221722
INTERIOR	0.533148101586911	-0.522144593101397	-0.53510245050994	-0.494532567069135	-0.327405837086884	-0.574159048951437
INTERIOR	0.0857305310017991	-0.202780494489099	-0.93509305226542	-1.04193526178893	-1.96228209736307	-0.669251998159307
INTERIOR	0.530120107491452	-0.52028059515182	-0.515581028964096	-0.499741185183608	-0.345340544904587	-0.367947045359877
INTERIOR	0.716447061507337	-0.642784280664416	-0.389804803570696	-0.47343662659576	-0.272433558560513	-0.5259008338565
INTERIOR	0.559348066863923	-0.53978538965892	-0.683399874955598	-0.721224317755214	-0.966448452388143	-0.436201508944191
INTERIOR	0.828467572369379	-0.713654107627831	-0.76413267097702	-0.733115886978107	-1.00341137919624	-0.449068731972754
INTERIOR	0.885414174052801	-0.749165721384315	-0.711663267707212	-0.557796213099203	-0.503199185983609	-0.547539537287455
INTERIOR	1.03648506191329	-0.840681510655188	-0.542363228597338	-0.373867653335243	-0.00908429125323401	-0.349749488200579
INTERIOR	-0.125690325771736	-0.0378342561813857	-0.505202980567713	-0.578388651602463	-0.559366799017018	-0.579242239320032
INTERIOR	0.679787305727703	-0.619042901803906	-0.506682752554381	-0.557362460163374	-0.502619941476745	-0.592989991140142
INTERIOR	0.54323405295384	-0.528985551890581	0.0142140267132976	0.114756230446228	1.22132585954776	-0.125455457592398
INTERIOR	-0.13057832247893	-0.0339095963341296	-0.191540600915725	-0.346578403643406	0.0658241452868575	-0.549000626918055
INTERIOR	-0.0672408076926339	-0.084619764457361	-0.322462664516209	-0.330428967153996	0.107222983984243	-0.635695710987662
INTERIOR	0.630507453057116	-0.587012130241982	-0.338333191378676	-0.359969800553012	0.0267338794365072	-0.53621925487636
INTERIOR	0.634998623182609	-0.589743126727531	-0.65694627959244	-0.647231164990271	-0.754790664335038	-0.58960067996872
INTERIOR	0.0862608536082258	-0.203167730207009	-0.288137179109669	-0.205378038183651	0.402041082683766	-0.637450289723114
INTERIOR	1.09782066376237	-0.876718130146946	-0.675254259727601	-0.556734055150066	-0.505864558266773	-0.419124510964634
INTERIOR	0.472901503996005	-0.481305587185122	-0.355917129284194	-0.465464723658043	-0.253417301693673	-0.346159725578522
INTERIOR	0.0474648226922607	-0.173635489311193	-0.194408184341131	-0.328941371364161	0.101876111891246	-0.472390011973943
INTERIOR	0.430640382844243	-0.452232892384363	-0.438303976100148	-0.422478772663673	-0.209667550161118	-0.2492696010659
INTERIOR	0.999194303795392	-0.818352570495173	-0.682513179410369	-0.401083547188985	-0.110926509650808	-0.209053522626685
INTERIOR	-1.18232488793153	0.960072532397927	0.165718687955178	-0.140291712981479	0.35747169449655	-0.458418140920533
INTERIOR	0.750003058833045	-0.664083241495972	-0.562210645088999	-0.397415087319098	-0.0685513185456455	-0.410223347583455
INTERIOR	0.694171791758168	-0.628355647097321	-0.237879454629101	-0.25188894600601	0.309894894176803	-0.562110976085055
INTERIOR	1.23513074252798	-0.955980619818345	-0.659156765073623	-0.489959661400936	-0.316270668552127	-0.432098433265044
INTERIOR	-0.223410094878096	0.0413332160450021	-0.708028415176398	-0.714471165225007	-0.942533786668993	-0.609250244217633
INTERIOR	-0.465974630788424	0.248703668527477	-0.506787257291521	-0.625368490780088	-0.688686685362876	-0.389928310235635
INTERIOR	0.951639787569574	-0.789547612569718	-1.05747357721966	-0.851544513033672	-1.35454972049612	-0.676351688509121
INTERIOR	-0.194365411156503	0.0175556673903228	-0.582031909954806	-0.526018339112929	-0.416816018568597	-0.744287037246105
INTERIOR	-0.240992065220313	0.0558357900741577	-0.58162195829131	-0.65145585973248	-0.767123066683963	-0.515637315120859
INTERIOR	-0.256404557561789	0.0686490732589304	-0.599444647002797	-0.328505689025329	0.112123994553866	-0.650079820214422
INTERIOR	0.642478922489086	-0.594578760857574	-0.411094027738907	-0.379722705923585	-0.0207027274658635	-0.603699827287999
INTERIOR	0.626014037284088	-0.5838629410939	-0.56374194537811	-0.634845719008318	-0.718265872619682	-0.68648053476141
INTERIOR	-1.04595532537712	0.811388953421581	-0.543043029878406	-0.71656348794305	-0.951048565943286	-0.485579521205239
INTERIOR	-0.0215047303723261	-0.120633855064188	-0.739404682199501	-0.86727387785016	-1.40141520703584	-0.594541709179712
INTERIOR	0.667368379834552	-0.611014824569127	-0.570737042713995	-0.646606842925152	-0.746774439548883	-0.463040758908402
INTERIOR	0.20322452282332	-0.290323932951595	-0.607624662010765	-0.474503093994419	-0.274204395725484	-0.579152092261425
INTERIOR	0.572419460767964	-0.548318089263975	-0.79338316927	-0.772801291036614	-1.11558144209153	-0.523780144424072
INTERIOR	-0.00702537730320185	-0.131682554921853	-0.441653842968132	-0.540199207814498	-0.455849940243362	-0.511556513599267
INTERIOR	0.964634177653454	-0.797445992874565	-0.57821740342897	-0.719412269849778	-0.96080595637071	-0.509094230681419
INTERIOR	0.630008295575131	-0.586592117036393	-0.677268188807827	-0.618494329298623	-0.674648722260144	-0.561974223525491
INTERIOR	0.499277447165967	-0.499412682696534	-0.549259320639576	-0.67592456639064	-0.838023966089316	-0.566403531693574
INTERIOR	1.34275020657294	-1.0165426576943	-0.485880840613677	-0.536230048160779	-0.441524803163284	-0.568589751117794
INTERIOR	0.0223976328694176	-0.154624306372423	-0.482907358216734	-0.566139906339868	-0.526551118801352	-0.69192296957679
INTERIOR	-0.647113614319504	0.413827934378511	-0.440307593523838	-0.398481621591299	-0.0730488572184046	-0.709089592061106
INTERIOR	0.307309329236543	-0.365672362439297	-0.439993064824732	-0.562316063081451	-0.51512070512893	-0.572532032228775
INTERIOR	0.358903119618937	-0.402287158017589	-0.555981697679576	-0.728477570950802	-0.987154320860225	-0.492590732774403
INTERIOR	0.756896119884605	-0.668568250261255	-0.769405872416109	-0.693424065120685	-0.888982718645899	-0.578137474553174
INTERIOR	-0.0295589074638555	-0.113979016949149	-0.841617149352367	-0.825690018422397	-1.27432705698582	-0.403430577222802
INTERIOR	-0.10074866867685	-0.0582576602131292	-0.615108485132974	-0.748642344164776	-1.04304971054486	-0.331747479514713
INTERIOR	1.26448269586621	-0.972586413624675	-0.711644605962278	-0.71660738044801	-0.953326566327961	-0.605644515404472
INTERIOR	0.145459818018022	-0.247717446616069	-0.801119992638525	-0.754835646760428	-1.06247643435618	-0.650987529337184
INTERIOR	-0.297265276044947	0.103253801350527	-0.644817399094459	-0.605729675902008	-0.637850637491145	-0.415837972592043
INTERIOR	0.0495949754073286	-0.175560072153112	-0.621696118946832	-0.36154089160875	0.0136160771477163	-0.439435977107637
INTERIOR	-0.0166756867285503	-0.12425041137593	-0.640319341122432	-0.736533816912229	-1.00950943593151	-0.455763297622507
INTERIOR	0.0426701321483369	-0.169980940710478	-0.534527254862414	-0.600882320558232	-0.622824593582611	-0.409482393487204
INTERIOR	0.587979775961379	-0.558953490049409	-0.712062623943395	-0.763831197601676	-1.08698201368522	-0.540493461299307
INTERIOR	0.805489601519762	-0.699437843999358	-0.540681903611937	-0.530357849543236	-0.429778853534553	-0.570932656181669
INTERIOR	1.29188437201042	-0.98810751472408	-0.485550707313842	-0.505891491916676	-0.362505820926559	-0.63208086885961
INTERIOR	0.172813049723829	-0.268089198460836	-0.706899510486907	-0.721591746001235	-0.964974297044711	-0.520609554686184
INTERIOR	0.688222382918153	-0.624543668348251	-1.04469109631178	-1.0279966782952	-1.91631333698136	-0.5957077394485
INTERIOR	0.805000069626702	-0.699007715292468	-0.73145761513139	-0.696522625148553	-0.897553127482719	-0.647557619264588
INTERIOR	0.268938314410529	-0.338097451612166	-0.851390046897229	-0.953241842437624	-1.65904151946996	-0.548893795402071
INTERIOR	0.513953551794205	-0.509318612450023	-0.560860232147631	-0.678094668730336	-0.845133588388813	-0.533776942223797
INTERIOR	0.903348082747914	-0.760263605868964	-0.69518409637637	-0.653451515485177	-0.768993341577476	-0.542056549389214
INTERIOR	0.831884802063831	-0.715811824067914	-0.649057670686016	-0.517397456838353	-0.39314458966535	-0.375124452273469
INTERIOR	0.0846697918923743	-0.201812544048209	-0.720531474576919	-0.758931032293969	-1.07625313978093	-0.451717628432415
INTERIOR	0.865499572453369	-0.736792979301413	-0.780317422006641	-0.690306220724029	-0.878353107771765	-0.605089100425954
INTERIOR	0.335722562923344	-0.385755244996401	-0.670398427677029	-0.674512767898274	-0.830263104661111	-0.380416768253082
INTERIOR	-0.0586138611133977	-0.0914224372088279	-0.552024897373329	-0.611653214029699	-0.649588544888379	-0.49317582075959
INTERIOR	-0.0376203095455225	-0.108092550741787	-0.871683213493073	-0.913787910515914	-1.53955891142769	-0.712061085582539
INTERIOR	0.164405534925471	-0.261811604819191	-0.808841175794375	-0.854756593228092	-1.36297353875981	-0.668724640699106
INTERIOR	0.481025427233814	-0.486853796276874	-0.813639122128997	-0.887844338351111	-1.46218736177784	-0.678029274470121
INTERIOR	0.354786499425733	-0.399258700693982	-0.542827300667601	-0.845331194193827	-1.33088104576378	-0.555951663959037
INTERIOR	0.357359608025881	-0.401277456502545	-0.634143787369943	-0.785147229732456	-1.15024938701091	-0.415742254705314
INTERIOR	-0.116464690774556	-0.0455060975747342	-1.00412767949621	-1.00313971870935	-1.82882045387329	-0.526766943234593
INTERIOR	1.19818832254521	-0.934909497691403	-1.17612323726951	-1.16253644655911	-2.36884629503231	-0.532118173792338
INTERIOR	0.364560395049469	-0.406328123636245	-0.762268361317712	-0.80771134908317	-1.22177750026044	-0.467716734054172
INTERIOR	0.799123605971419	-0.695138318336072	-1.01448401555151	-1.10062513059921	-2.15720544861147	-0.658242119748145
INTERIOR	-0.851971388603429	0.611496481657762	-0.54594235902557	-0.77166985934094	-1.10672473382205	-0.46651630806288
INTERIOR	1.37864503996338	-1.03613384111167	-0.929719199613153	-0.789781920893941	-1.16744918446247	-0.606095798706304
INTERIOR	1.30810020712012	-0.997032388508097	-0.908666780228938	-0.832857436729243	-1.28370136604275	-0.553946637645991
INTERIOR	0.521029998762294	-0.514072575351557	-1.07741371126512	-1.08536365191429	-2.10732485342659	-0.670971379452008
INTERIOR	0.774596893900105	-0.679906529443532	-1.13458961074717	-1.19723547168158	-2.4962317628328	-0.640688048985857
INTERIOR	-0.0586138611133977	-0.0912333417373488	-0.74103324268442	-0.874310387205227	-1.42530526497157	-0.486658643354788
INTERIOR	-0.142537963584816	-0.0245782711599118	-0.763005122321196	-0.844916499736293	-1.33365838118745	-0.44191253762792
INTERIOR	1.26680811487896	-0.974181821433775	-0.932172505666587	-0.889708735864213	-1.46654187182638	-0.580778002636537
INTERIOR	0.708533289869607	-0.637474511744262	-1.0174857906814	-0.900704306042465	-1.50122383601604	-0.458567189905676
INTERIOR	-0.0317079077071612	-0.11226928710597	-0.763557549088209	-0.833490858639958	-1.29694122595356	-0.648523594434784
INTERIOR	1.04888100662587	-0.848000040846738	-0.785692823752316	-0.696862162295516	-0.895202973564605	-0.425400554322711
INTERIOR	0.026669329550976	-0.157691642072187	-0.517363064285648	-0.776298322193323	-1.12603992224519	-0.343747606231572
INTERIOR	0.491170014555521	-0.493849712255629	-0.437002990150816	-0.636300848995	-0.723198084120312	-0.628670918745998
INTERIOR	0.633002824668023	-0.588482470618958	-0.946910189934336	-0.923108400660606	-1.57510734853694	-0.330749851078964
INTERIOR	-0.78861924462548	0.548999206510384	-0.786988327291274	-0.805765465323107	-1.21090900670025	-0.681392579687284
INTERIOR	0.411225394023893	-0.438984431440213	-0.641445567335563	-0.765698168382131	-1.09294238188583	-0.655356115221781
INTERIOR	0.950676492282489	-0.78910920064178	-0.848532269871105	-0.770039384099811	-1.10438222088444	-0.431483081458791
INTERIOR	-0.950225187370104	0.711463039618914	-0.362649749029891	-0.312997992751743	0.154730953467675	-0.443142657653416
INTERIOR	0.619019810549849	-0.579247924631843	-0.624607289041704	-0.568062941197317	-0.529332453364362	-0.452966837660542
INTERIOR	1.00398382675938	-0.821220681213635	-0.87631071512557	-0.669868573956146	-0.817003236700866	-0.534334724110439
INTERIOR	0.44135175092663	-0.459586521246559	-0.428523540948816	-0.463482710661811	-0.246523729182987	-0.449518666864559
INTERIOR	-0.231647360624516	0.0481311043598786	-0.633071269798582	-0.619758579957644	-0.677184240375902	-0.446246834523483
INTERIOR	0.125418134405459	-0.232690915611561	-0.666684364766605	-0.51921550583671	-0.392021727281552	-0.538929101294968
INTERIOR	0.469344976906627	-0.478636549551397	-0.560471684858884	-0.501981736582925	-0.350623357697241	-0.610318612493022
INTERIOR	1.33998311785418	-1.0147029581208	-0.719471343438902	-0.726209556817774	-0.982043620809823	-0.608723418344679
INTERIOR	0.271536117950897	-0.339890917145143	-0.482276757100064	-0.422017826699134	-0.136286966120364	-0.420666326797831
INTERIOR	-0.255302788207792	0.0679178211645684	-0.506609126642188	-0.508040704947662	-0.366009946914002	-0.602577598435284
INTERIOR	0.459175708281999	-0.472073028342441	-0.191844101565518	-0.213960912497545	0.408347027841525	-0.542903457717955
INTERIOR	0.409179268850069	-0.437356416597875	-0.678165305938043	-0.771001973525452	-1.11321251019224	-0.488263027671235
INTERIOR	-0.941302550471664	0.702200510141207	-0.28231053956572	-0.530376858763812	-0.425255046440405	-0.491462566542275
INTERIOR	1.10871263040368	-0.883198241240181	-0.657166392151435	-0.625416193005659	-0.687053106479308	-0.419537413532372
INTERIOR	0.767225807998436	-0.675196769810979	-0.573988964904796	-0.601204887075069	-0.620031906688822	-0.223863517949478
INTERIOR	1.10303151227667	-0.879845349822436	-0.677859637157219	-0.684733430557249	-0.861443358079608	-0.578402259593558
INTERIOR	0.208980623929701	-0.294665017110196	-0.710869309235323	-0.666345134278745	-0.810034142817154	-0.541463304945579
INTERIOR	0.829932258498384	-0.714517075938623	-0.446585264811838	-0.527649716783219	-0.420784476429958	-0.323359872158246
INTERIOR	0.572921827189238	-0.548734713025778	-0.546024738007907	-0.648829273450797	-0.761258222590025	-0.661391713567838
INTERIOR	1.10492561740005	-0.88118622082779	-0.450917161407883	-0.460973415171348	-0.241244670500139	-0.5468375079246
INTERIOR	1.18740432940773	-0.928809638404175	-1.00699039896426	-0.929564705569564	-1.59471597441299	-0.627003136173969
INTERIOR	0.950676492282489	-0.78910920064178	-0.611279294426583	-0.61575279462423	-0.664655589713878	-0.447224994234827
INTERIOR	0.825049042747832	-0.711713005138182	-0.495266979695347	-0.619037854267413	-0.673662561025423	-0.486440112219988
INTERIOR	-0.82199943733675	0.58174526868434	-0.502513822123741	-0.818682059361439	-1.24999508243733	-0.699654710335544
INTERIOR	1.11911869493512	-0.889239449407245	0.0378287575495856	0.169629045176194	-2.64794127916966	-0.305368745159439
INTERIOR	0.192749429290121	-0.282835080162243	-0.00293135171568066	-0.00605155810766267	0.543663863646761	-0.298310021418086
INTERIOR	0.664385282139237	-0.60890443831166	-0.0603478179356276	-0.0964205075014882	0.115968734275984	-0.128690164014538
INTERIOR	0.695658528749666	-0.629203171391165	-0.201512366461907	-0.130525635689636	0.0509316319390131	0.0251875668153373
INTERIOR	-0.38793003919766	0.180289124565364	-0.138433676410209	-0.0168192925304176	0.476838032511177	-0.43565857343841
INTERIOR	-0.0953357172274365	-0.0623905463211457	-0.100037463049734	-0.321016124341056	0.0902436395600631	-0.1437907782563
INTERIOR	1.10539908130915	-0.881409736336605	-0.254591535057606	-0.229365367433427	0.246135925940461	-0.0877192117665697
INTERIOR	1.11202495817055	-0.884987423543606	-0.257372357514362	-0.0950145561861703	0.695144345255272	-0.209143933901847
INTERIOR	-0.549255133091352	0.323421570887699	-0.207186462367237	-0.321735388546414	0.12911809677955	-0.496807082829896
INTERIOR	-0.192724176246523	0.0160771420198353	-0.445766642199217	-0.356666155836597	0.034864724657115	-0.447944216216219
INTERIOR	-0.0386957097412192	-0.106764363251222	-0.419946464280964	-0.420937250568753	-0.132620544509432	-0.335159354634037
INTERIOR	0.239791493042698	-0.317223843966906	-0.788587377497251	-0.661586253146261	-0.789762205660755	-0.343938212242657
INTERIOR	-0.599481951153904	0.369612909572909	-0.450370373451932	-0.683083806883239	-0.854669739696558	-0.711558326309002
INTERIOR	-0.912809500458831	0.672856007381496	-0.339609556172333	-0.337088549208114	0.0918404109855646	-0.364867747550922
INTERIOR	-0.652293698077853	0.418752986219867	-0.337283429019663	-0.615366184945188	-0.667729940654941	-0.273628679208502
INTERIOR	-0.56520596379505	0.338120776430058	-0.488262607110441	-0.583777006249472	-0.573662464266415	-0.532370764606032
INTERIOR	0.785396895087533	-0.686765482172874	-0.596500095325573	-0.459193279831271	-0.242974187077255	-0.339031046196088
INTERIOR	1.11344415356075	-0.885882268880654	-0.550520013967053	-0.411150288733891	-0.200832184031539	-0.120652282230965
INTERIOR	1.21737992557369	-0.945999771212872	-0.407014818345733	-0.262717390794775	0.258061731232381	-0.426960539366942
INTERIOR	0.0559824056765585	-0.180182272639448	-0.73690792905003	-0.551393933735726	-0.490395500021226	-0.484232082476837
INTERIOR	-0.32386921324832	0.125701999358021	-0.455840573353677	-0.49078295746457	-0.315401298033194	-0.630380364999949
INTERIOR	1.12337225074945	-0.891702899043351	-0.711658928860813	-0.544899168512984	-0.475348116079674	-0.42049155525091
INTERIOR	0.998715211073723	-0.818132018704852	-0.575368350082246	-0.422342285043486	-0.135855018707049	-0.582572939924476
INTERIOR	0.405597428399954	-0.434915445857529	-0.566323421547296	-0.576107603017576	-0.550945567078199	-0.353238064305027
INTERIOR	0.687230431736107	-0.62390863751538	-0.428573304726617	-0.388123935767613	-0.046348043349066	-0.472647751648976
INTERIOR	0.567394251374244	-0.544986421298916	-0.905016462486856	-0.883330352587514	-1.44819630241678	-0.508357060541201
INTERIOR	0.0708687776713509	-0.191371297928916	-0.505371341795763	-0.289210388427375	0.213817244032878	-0.489329954991407
INTERIOR	-0.292285793970704	0.0988966402236528	-0.557220598994667	-0.604408303513025	-0.63183014083146	-0.531283131473867
INTERIOR	0.662893361869418	-0.60806054772478	-0.329450197266701	-0.430725208309993	-0.182819270395949	-0.465075932764882
INTERIOR	-0.385694153952658	0.178503492897856	-0.518138514242835	-0.72409612589007	-0.988070551216406	-0.519511989864048
INTERIOR	1.25377801118816	-0.966437740158235	-0.253662608481061	-0.079276374902801	0.587866910535225	-0.0148694285769304
INTERIOR	-1.37865950302662	1.18688165211321	0.257195782084571	0.120833094498157	0.877884874923006	-0.296462455221882
INTERIOR	1.28260502612464	-0.982852021112939	-0.304452222111608	-0.280326232031394	0.191468238205306	-0.371102775068841
INTERIOR	1.03839324362226	-0.841789650311716	-0.321420195452404	-0.154191216498598	0.35195708949925	-0.36803955997805
INTERIOR	-0.335533247533098	0.135444583114929	-0.372117225693969	-0.533339438884231	-0.493668502101584	-0.500874642814778
INTERIOR	0.183835989467309	-0.276144576266003	-0.399742761306813	-0.430454519890635	-0.160614202078685	-0.385210354250211
INTERIOR	0.0511922586519784	-0.176522657692895	-0.528698681633998	-0.632900272215659	-0.712683569735441	-0.521990758345101
INTERIOR	1.41942759846993	-1.05859055651264	-0.529835406944302	-0.474537621039434	-0.285030571734747	-0.370665535779599
INTERIOR	0.250732632244853	-0.324966135304597	-0.339533830487623	-0.207221898343435	0.290486973625737	-0.345738098377873
INTERIOR	1.29049308081044	-0.987193095727778	-0.584666934724763	-0.487572638960245	-0.310395613947379	-0.372273521064833
INTERIOR	1.03982411405353	-0.842454658902965	-0.524822944360773	-0.329733380868315	0.0304637223479244	-0.428956107323939
