CLASS	VORO.protein3.ROUND	VORO.protein3.AR	VORO.Feret.norm	VORO.Area.norm	CYTO.Area.norm	NUVO.distance.norm
INTERIOR	0.138968437827475	-0.244019761185028	0.191761535003416	0.519739287206033	0.991002038264343	-0.428080151749595
INTERIOR	-0.0428749380493048	-0.104801955247741	-0.75341160422715	-0.831836047302794	-1.31135835408546	-0.61706440012017
INTERIOR	-0.170155145915492	-0.00336311077774957	0.182429414584387	-0.0234114971270094	0.778424189858051	-0.0236008949517593
INTERIOR	0.803776453198832	-0.698636272382198	-0.469240570930383	-0.601580387587914	-0.672768851720255	-0.449337876971915
INTERIOR	1.08876990632372	-0.871175716351755	-0.527764103372479	-0.378373962065954	-0.188323398766255	-0.070814907847286
EDGE	-2.35309238666961	2.62324120553428	2.37780097134759	1.8442053132166	0.426600390995804	2.12791259913379
INTERIOR	-0.0726595197469665	-0.0815283018923039	-0.469601689204141	-0.34094718413434	0.00177580596161607	-0.512910836906444
INTERIOR	1.39114423686597	-1.04226785555387	-0.505855147853493	-0.446432192633916	-0.274590119462595	-0.329532534009363
INTERIOR	0.54120945474188	-0.528317500054691	-0.668509294255998	-0.711296787379826	-0.972747027110603	-0.397350184332716
INTERIOR	0.0127033272214411	-0.14827969955885	-0.148335876390344	-0.397820119784515	-0.140774186963966	-0.379348675277482
INTERIOR	0.764592007756353	-0.67392220028727	-0.576465804890684	-0.42995715458018	-0.231500619916185	-0.296796669275285
INTERIOR	-2.14412783187707	2.2620835830749	0.190312002252221	-0.411354185360742	-0.170295844739932	-0.570662292664654
INTERIOR	0.0105924206678502	-0.146760629910104	-0.456149367558296	-0.544784485225731	-0.522043617618225	-0.661974752488641
INTERIOR	0.660228097182695	-0.606833345974131	-0.481332058069024	-0.535360244861769	-0.49752457103655	-0.559597358622622
EDGE	-2.50522156018779	2.91203379167061	4.0491172512088	3.51508144981802	0.882689175462419	3.72472732031658
INTERIOR	0.80860207078708	-0.701414103592846	-0.417677322723739	-0.503458022978922	-0.413678818180438	-0.280579893209634
INTERIOR	-0.346962097451786	0.144163441608996	0.0693740153569442	0.251271760559812	1.40914413335954	-0.57485488921825
EDGE	0.394833908014416	-0.428459804678711	0.690718788857813	0.842625956818	1.06105749165175	0.485501403236552
INTERIOR	1.41731006032123	-1.05631232835361	-0.100136388331513	-0.212508133931163	0.32143218008495	-0.367261235789974
INTERIOR	1.08736745052698	-0.870289244688642	-0.217264660059204	-0.0389427572189973	0.729662789697516	-0.16238745342435
INTERIOR	-0.263832487972053	0.0736990202024977	-0.48125407414439	-0.482404058406294	-0.357558752607655	-0.569518764647166
INTERIOR	1.31537126473848	-1.00061342740556	-0.459298854203103	-0.512670623509711	-0.434928630941244	-0.534347608512319
INTERIOR	-0.232315973091259	0.0473631852398924	-0.694595629452106	-0.704046007212173	-0.9482448977419	-0.576423722894485
INTERIOR	1.22744850792289	-0.950977375521025	-0.213335326208776	-0.0220448577248059	0.619750085304228	0.0386508440581372
INTERIOR	-0.203613875176338	0.0238081392134962	-0.561141229017433	-0.501706432028651	-0.4096128751706	-0.716161908934571
INTERIOR	-0.651021854638286	0.41637221818781	-0.411028067997253	-0.364771763676797	-0.0574010751382184	-0.679739042002592
INTERIOR	0.611036236902778	-0.574686225179951	-0.510651898655869	-0.399025529232793	-0.149396212955209	-0.562904436843791
INTERIOR	1.0127185571308	-0.826397932237356	-0.519124507384679	-0.33834403646644	0.00813478008540579	-0.307888280748668
INTERIOR	0.866785165628715	-0.737676765998377	-0.536300922949113	-0.467937819759065	-0.324137183602028	-0.354357192436091
EDGE	-2.40420578929289	2.71796625337375	2.47358388499981	2.19558623251956	1.8393638518978	2.55116201132949
INTERIOR	-0.823844876719978	0.582718236259155	-0.476916363283715	-0.815936014298188	-1.26325897877722	-0.6699756787868
INTERIOR	-0.240456079221222	0.0540974611093145	-0.615201674222171	-0.602354222255156	-0.676377041107218	-0.407745244398577
INTERIOR	-0.0327921085127578	-0.113088250277904	-0.727829098079523	-0.868108476304966	-1.41839873801572	-0.561203100726179
INTERIOR	0.810531583848259	-0.702696735886904	-0.632134330741405	-0.492450292478337	-0.385359957729026	-0.334146690555766
EDGE	-0.943503572597047	0.703946225637578	1.01019947238454	1.47576338720461	-0.329479433261114	1.72106742687962
INTERIOR	0.0100646156200523	-0.146001279959864	-0.418576927593197	-0.282074375818501	0.148804939441702	-0.12821794693607
INTERIOR	-0.305300022829742	0.10870433768733	-0.627643072020087	-0.587291553546652	-0.636077208454831	-0.376277678333477
EDGE	-0.959973066469352	0.721010966184231	0.214189631299705	-0.359182857905474	-0.151089286646194	-0.593877770511775
INTERIOR	0.52329300516289	-0.516180369931441	-0.270237336867077	-0.12359053121444	0.534313670830948	-0.285486211033876
EDGE	-0.652727854802812	0.417718647658152	0.253816481273277	0.182853694880995	-0.0659030447938879	0.463696768762155
EDGE	0.363948411871028	-0.406734026898821	0.100039380871113	0.739460748415523	1.03673825976098	0.179611579294057
INTERIOR	0.807637157021896	-0.700986637605285	0.428130560143073	0.95550793300624	2.23501204486192	0.379850968892791
INTERIOR	-0.540828983566091	0.314785780763765	-0.0814916600402774	-0.105079800082273	0.58175050133044	-0.303731595083229
INTERIOR	-0.465891622464003	0.247386217534434	-0.279977687682349	-0.456093132086642	-0.291397715144282	-0.500853129553463
EDGE	-2.93146808355852	3.86195044460604	2.9202086645926	2.39986270703588	2.90659036701175	2.33242631423451
EDGE	-2.09716180611748	2.18555234135747	2.09264107863963	2.0455146011029	0.628649791939493	2.35621054067126
EDGE	-0.443644266107556	0.227799336056735	0.253212941126606	0.293978664232607	0.37703170411715	0.359243448417111
INTERIOR	0.720849989338415	-0.645957144717645	-0.462180458487122	-0.348992293840694	-0.0190455867672785	-0.588065428794546
INTERIOR	-0.199829957731382	0.0208783010238371	0.163352511316068	0.407929700927023	1.76822069829713	-0.632373437946924
INTERIOR	-0.0487176023421457	-0.100664303434795	-0.867937365789933	-0.918050044196677	-1.55993594184836	-0.682813989986787
INTERIOR	0.389272324974006	-0.424428895350217	-0.544502934975289	-0.555486683504924	-0.547037315400866	-0.311498313879384
INTERIOR	0.898839024889192	-0.757536149019976	-0.80637734842236	-0.647194785871596	-0.795078518518575	-0.58956487275775
INTERIOR	0.132203071402309	-0.23898263458464	-0.793197417127696	-0.747384874635274	-1.07113393599857	-0.619614118504771
EDGE	-2.89552167888615	3.77201714223044	3.72587585260427	3.65302733453198	1.85794080701708	4.0155050216082
INTERIOR	-0.0790549473743673	-0.0764759605902044	0.23679220264984	0.344071101247882	1.53377844476905	-0.111833627348371
EDGE	-0.471462180813222	0.252095816499895	0.64090070847569	0.690642978591171	0.273891082297787	0.948563509351162
EDGE	-0.980012887158183	0.7414696652485	0.968233304395715	0.92614014505757	1.45812047733594	0.793672238748976
INTERIOR	-0.554317626871887	0.326811848276167	-0.164108197224315	-0.282370239053326	0.149732109122352	-0.460065780347508
INTERIOR	0.339060717488606	-0.38910581450296	-0.519616048477715	-0.844548875841516	-1.34613190540776	-0.52126951820097
INTERIOR	0.975394206574236	-0.804059451156906	-0.554083244464695	-0.390390676410117	-0.121750069684868	-0.548817631052692
INTERIOR	-0.913583823384853	0.672976390061235	-0.30436958428726	-0.298854746450234	0.111538697154284	-0.323532892045495
EDGE	-1.299613841539	1.09433574867934	1.95625591991145	1.98717926860789	0.584856877215175	2.11140873439714
INTERIOR	0.859593050264522	-0.73337063834641	-0.435134848431193	-0.407040324512529	-0.165976526966913	-0.516795233978815
INTERIOR	-0.235028512844514	0.0499124294483824	-0.180270591973993	-0.00952070943878509	0.804441364810397	-0.420058353364278
INTERIOR	0.343128781613402	-0.39210593250009	-0.533549071169304	-0.719084519729463	-0.993961535143133	-0.455702635346424
INTERIOR	1.01460423158934	-0.827495702280528	-0.285103571909385	-0.102480038964376	0.378045140637467	-0.326815133167237
INTERIOR	0.643533419580501	-0.595953761220928	-0.293608879860039	-0.399391322181978	-0.169867997992954	-0.427229889834942
INTERIOR	0.394833908014416	-0.428459804678711	-0.624071657202206	-0.759047835895668	-1.10234827938427	-0.6241347995235
INTERIOR	0.554126669861677	-0.536770353409988	-0.785002641232131	-0.766674374855237	-1.12554346799616	-0.487977926471439
INTERIOR	-0.108961325654858	-0.0527841416449951	-0.197612187982712	-0.00804409504620553	0.787399962349897	-0.580235824685594
INTERIOR	1.19147974244291	-0.930730658494569	-0.37576465063193	-0.219003311426852	0.281843243341725	-0.387787484441701
INTERIOR	0.349735413854858	-0.396709852267378	-0.161268079294671	-0.210987107485742	0.323069184450822	-0.45586904832724
INTERIOR	-0.140579163472096	-0.0271755291787258	-0.147536237108257	-0.309043891153472	0.0848833420125282	-0.514076476323863
EDGE	-0.0988032261906041	-0.0609787587509228	1.63201298390347	2.00125076997216	0.436390423419002	1.78690538235645
INTERIOR	1.48820076390165	-1.09474652058026	-0.246049100691289	-0.251543713318488	0.213042675504079	-0.445347083391869
EDGE	-1.63114761197822	1.50600946325565	1.01428412685493	0.996951282388518	0.276410003892101	1.27299659163811
INTERIOR	1.35991518120419	-1.02505763230872	-0.465078683923455	-0.523652415160797	-0.482956325614513	-0.388123192543244
INTERIOR	0.442218642104815	-0.461238769167444	-0.147857702351902	-0.166654056127071	0.435820297546695	-0.50776703024703
INTERIOR	-0.656140838637726	0.421251182983145	-0.286970070349255	-0.255061655811385	0.216801131353676	-0.24760205189925
EDGE	-2.8298743536935	3.61262613215885	2.98895475501958	2.44339685288377	-0.000664127852313469	3.18686881047783
EDGE	-0.870349316717644	0.629110536136119	0.533962778712933	0.161843258196499	-2.53827163380274	0.0943978454083562
INTERIOR	-0.571770835564608	0.342570681557517	-0.391465033467011	-0.677081241152668	-0.873720414166754	-0.324360365459205
INTERIOR	0.446742243779571	-0.464082327177595	-0.0852479074694447	0.242674058227709	1.21788158142642	-0.350054564952319
INTERIOR	0.6744429163372	-0.616058945601926	-0.196617947178482	-0.20737693805979	0.334949687687143	-0.527643270749752
INTERIOR	0.4246049206352	-0.448869106776088	-0.398546502192517	-0.434562665836959	-0.235137356506849	-0.411130987692058
INTERIOR	0.67689144921249	-0.617528332981125	-0.131181935147981	-0.213519783537082	0.320803802715082	-0.142111614467428
INTERIOR	0.150925321124784	-0.252944904202896	-0.801375627046281	-0.85466881554141	-1.37901275034147	-0.637968758834413
INTERIOR	0.736427402888666	-0.655895252200389	-0.759606097335514	-0.681447984238396	-0.893378347987723	-0.544227742094809
INTERIOR	-0.570080315461315	0.341373503395884	-0.461821600522473	-0.563721231236938	-0.570312253060376	-0.496867634633666
EDGE	-1.5276195879267	1.37153353223062	2.88424744395429	3.18491739525024	2.10977874814678	3.25856317281156
EDGE	-1.65212612965203	1.53326918936987	4.09738051857854	4.45155243772087	1.05290551361642	4.74008885326862
INTERIOR	1.28570310829888	-0.98400951077289	-0.309164079078409	-0.172665028900444	0.291020348943477	-0.048216926626518
INTERIOR	0.747121046449071	-0.662673720009603	-0.37767727062454	-0.422037077381646	-0.204388374943266	-0.364974133155046
INTERIOR	1.33085060066782	-1.00905166181921	-0.17084736638213	-0.113395173793483	0.355959625790671	0.03195624635022
INTERIOR	0.993367273292103	-0.814777374507218	-0.126359520989562	0.0267034160322779	0.824514605628568	-0.0898094045668587
INTERIOR	0.22542209210123	-0.307838613495895	-0.779922980375534	-0.647264101286987	-0.7917204835734	-0.301874681471565
INTERIOR	-0.0779887228768511	-0.077411167910725	-0.286207746058002	-0.291704431798392	0.127299142985452	-0.603789905640309
EDGE	-0.229062018674712	0.0446303102548385	3.2210615492233	3.8604809966608	1.717094433579	2.73216899496701
INTERIOR	-0.678927646519056	0.442223181404489	-0.494039888654074	-0.698758349617132	-0.943028443631118	-0.320987362031557
INTERIOR	0.927922110693629	-0.775308219260811	-0.843416088035972	-0.763708947974577	-1.11406913797343	-0.392467481752299
INTERIOR	0.993839757867199	-0.814996363435197	-0.24943962019222	0.142774730466828	1.12728112271263	-0.499927517454746
INTERIOR	0.0721300715089812	-0.193507295283404	-0.707838761021199	-0.75178204174688	-1.0852490661265	-0.413406507524637
INTERIOR	1.06489798390921	-0.85723325561523	-0.129939400615759	0.0356084440219258	0.835136810893974	-0.135180976138704
INTERIOR	0.452267962888784	-0.467740871062702	-0.538304826465216	-0.475898615584003	-0.341794191900026	-0.577529287100192
INTERIOR	0.254225122935622	-0.328516892655857	-0.846443020560227	-0.960411265246293	-1.68235363958845	-0.513965925399772
INTERIOR	-0.264921261813806	0.0744234294757053	-0.57958464836926	-0.289639430771117	0.132320546856386	-0.618674806903671
INTERIOR	0.647955654129084	-0.598880392895788	-0.549177804056076	-0.631180885326955	-0.747676723191619	-0.425123860088512
INTERIOR	0.609062883452262	-0.573438198531367	-0.0725413241656447	-0.0131526382887713	0.630095379718954	-0.0667105868314485
INTERIOR	0.174272763796568	-0.270066667141567	0.318824432586652	0.268513484746383	1.36635327025951	-0.187238251715411
INTERIOR	0.0584918420383483	-0.183163754976339	-0.479943023220744	-0.247448530301575	0.236511890524778	-0.45232833148259
INTERIOR	0.189286434032131	-0.281190423168382	-0.588248848987483	-0.446395121353189	-0.263497998491201	-0.545277684372728
INTERIOR	0.55462311080594	-0.537183078541056	-0.523002746247051	-0.633567082752122	-0.762516300294222	-0.630380531117309
INTERIOR	0.746635250993183	-0.662461744202915	-0.552622211704286	-0.582433341186955	-0.61782076061517	-0.177619509280761
INTERIOR	1.23802692945858	-0.957068511685088	-0.698425867222099	-0.706339636284447	-0.959302801981813	-0.572692458307971
INTERIOR	-0.0694635322499705	-0.0841501834455237	-0.529358062763306	-0.59365158652184	-0.648103457491401	-0.45630809354704
EDGE	-1.52510953029858	1.36823836681183	0.367643641267623	-0.0684341743460042	0.669821165495758	0.0877204149159271
INTERIOR	0.293677370417397	-0.356826507813043	0.311205465796489	0.461826855822155	1.52266171570026	0.159748387915199
INTERIOR	-1.04515917605178	0.810212989491105	-0.519844546978001	-0.706292509419914	-0.956968842528532	-0.448447323926139
INTERIOR	1.38752909990209	-1.04019928377293	-0.144300541454359	0.626266158061263	1.97384055154705	-0.165298824815067
INTERIOR	1.34675707783669	-1.0177338236706	-0.456070429935105	-0.123187885235428	0.524183352560754	-0.38094193362819
INTERIOR	0.366484055273782	-0.408540660918479	0.134094518621351	0.347404641461025	1.1854818589888	-0.497029041276579
INTERIOR	0.178934895584002	-0.273771648647091	0.0522370361595855	0.0565757638328007	0.574461190779358	-0.254657915765554
EDGE	-1.6565824964113	1.53936425391564	0.601632396030804	0.0528843668550867	0.329302066894601	0.269037647351677
EDGE	-1.23986917910138	1.02494279784785	0.333348561713277	0.71018633088764	0.623117621424952	0.469877384168026
INTERIOR	0.667583430555717	-0.611653549700788	-0.398599211552337	-0.353650838654413	-0.0300443559032854	-0.435065326475269
INTERIOR	0.607089091405656	-0.571982587985336	-0.541768657911098	-0.618553105388025	-0.718467843451514	-0.656342835796261
INTERIOR	1.07848008349234	-0.865195288834221	-0.662641122655937	-0.672116952478782	-0.865162483160212	-0.544501745797089
EDGE	-1.26481551025978	1.05396944047432	2.65490707218766	3.3574766360644	1.69432648177167	2.91688357121027
EDGE	-1.3523760146568	1.15625215801796	0.67890425711159	0.630617374244333	1.84622863425874	0.514782750520941
INTERIOR	-0.10575224931454	-0.055389963625383	-0.0506169108116996	-0.281597973565144	0.109902701046313	-0.0947589855298347
INTERIOR	0.0437810567294751	-0.172079432975296	-0.72518455889957	-0.52895190847989	-0.484999836234864	-0.447052973249671
INTERIOR	-0.201991998844711	0.022343449406367	-0.416810244785686	-0.319874991622685	0.0531634033623872	-0.4095017215293
INTERIOR	0.656302760324868	-0.604320426651791	-0.268695225906793	-0.231848781819186	0.274922383892588	-0.535927403363903
INTERIOR	0.443224086071826	-0.461847957586291	-0.0536257883415764	0.0158563530596557	0.302472439684079	-0.174822321334868
INTERIOR	0.778156810307334	-0.682216686151219	-1.01919073100655	-1.11865496225527	-2.19275496327799	-0.627121282158144
INTERIOR	1.1613940832042	-0.913477728561927	-0.353239081508526	-0.153395749221412	0.471552642116435	-0.150518192453281
INTERIOR	0.229027583946942	-0.310197226118671	-0.573592440520877	-0.829326444951941	-1.30831364485482	-0.693408460762433
INTERIOR	0.00953677920103409	-0.145811461723256	-0.221808262901626	-0.404947072803194	-0.249699314987488	-0.0058024040797808
INTERIOR	0.0353639397397648	-0.165593912333052	-0.150573556485174	-0.290107217756186	0.12182092500494	-0.434798613427277
INTERIOR	0.520801748146206	-0.514537078229689	-0.0180606595197039	0.261826062903027	1.41027716908076	-0.367576903702438
EDGE	-2.13202711017705	2.241842900954	0.987298992067941	0.479996085132868	0.23066232363964	1.17755604922401
INTERIOR	1.19748466268829	-0.934099034005703	0.0871415363238223	0.531482049875205	1.53063313699437	-0.0502679498251669
EDGE	-1.703829944357	1.60327954528009	1.56177010826887	1.43810281754529	0.920772376700937	1.50611514015131
INTERIOR	0.256792285046737	-0.330293575517053	-0.455481440350392	-0.390042309315203	-0.122192627884335	-0.381274134803927
INTERIOR	0.0343112389527166	-0.164640916933043	-0.566487193706754	-0.760120026089883	-1.14490965170575	-0.6184830675881
INTERIOR	1.16185771231648	-0.913701385402154	-1.01125355761448	-0.934989402840279	-1.61644793782334	-0.594794693230111
INTERIOR	1.09858090032008	-0.876941878935465	-0.698441037911423	-0.521978555714648	-0.469582813378415	-0.381093278472918
EDGE	-2.22726035500892	2.40158911269895	2.42010637013783	2.12802745388451	2.41952912567427	2.19914804542717
EDGE	-0.882597193115558	0.641318972830396	1.18698866477676	1.29164671153912	0.262735234162544	1.29637177836075
INTERIOR	0.0390474101095206	-0.168454063524607	-0.504651138309909	-0.616464302127868	-0.712748411323488	-0.486126241762455
INTERIOR	0.75391939398186	-0.66712743142447	-1.14640553087339	-1.22238434523261	-2.54010945729435	-0.608956055104624
INTERIOR	-1.34069224793643	1.14243545863847	0.539791673182965	0.23382686377747	1.33903711241291	-0.150232136987131
INTERIOR	-0.838351371221337	0.597153957000753	-0.0521670256151156	-0.083796557840832	0.595129855724307	-0.497019531630107
INTERIOR	0.615967702949725	-0.5778077487391	-0.640489876556095	-0.631851212559719	-0.755889866501488	-0.556090046397574
EDGE	-1.6273386546695	1.50053841115704	1.3966208676736	1.17052525647802	2.15301209995732	1.31492220978321
INTERIOR	0.519306658410224	-0.513510313871713	-0.281225422466955	-0.00548936656643005	0.788586291288599	-0.538722796149478
INTERIOR	0.112397782043967	-0.224096717008835	-0.6508043715178	-0.494402310230364	-0.384209512236113	-0.503654304042788
EDGE	-1.47880097611062	1.31047228859295	1.99997838312808	1.96361694997908	2.07535151563698	0.74335565284763
INTERIOR	0.414019894526795	-0.441584290800074	-0.408905853881004	-0.390537221557018	-0.197375805622747	-0.203910121560955
INTERIOR	0.696455446394348	-0.630352560671621	-0.35753595294516	-0.445250067894221	-0.261683660719704	-0.490172449073729
INTERIOR	-0.603952013109482	0.372570943317987	-0.42168647681302	-0.670345771009671	-0.85822247087383	-0.682293726824997
INTERIOR	1.35084271391961	-1.02002128284978	-0.929408576580016	-0.784906276719296	-1.17868534121153	-0.573159453328912
INTERIOR	1.34948104406503	-1.01956370155523	-0.690878297678755	-0.563679267623436	-0.575232652278145	-0.448525731735871
INTERIOR	0.675912117073305	-0.61689853903689	-0.158098244283772	-0.0770705841626295	0.0696249941451845	0.0801024495709492
INTERIOR	0.975867648335196	-0.804277939094737	-0.667570114060892	-0.367565420481825	-0.0962091919223246	-0.162293894422352
INTERIOR	0.0605913949363925	-0.184886091473594	-0.234988342417256	0.0138137983336437	0.708423093714733	0.101532365096826
INTERIOR	-0.107356642531237	-0.0539007448227039	0.102239195352993	0.034207045312246	0.894462786274216	-0.0635134712358808
EDGE	-2.67570118332894	3.26358044348209	3.34278979947878	3.13695557877188	2.25350869366971	3.19731468705223
INTERIOR	1.05458044767045	-0.851049915133905	-0.0800599446392954	0.0546706632393237	0.93305892625086	-0.656803086452194
INTERIOR	0.073702366445803	-0.194849800047392	-0.249850491017453	-0.157438725275552	0.429359446876152	-0.605605571165667
INTERIOR	0.980600678255438	-0.807119210958516	-0.872838775196399	-0.656156731388534	-0.819630690411343	-0.498899970654445
EDGE	-0.454204811414244	0.236903441684339	0.79745357005746	0.866735926631478	2.45584261524221	0.898287495834247
INTERIOR	-0.109496284471267	-0.0522259399510574	0.0360190201326146	-0.189945884086531	0.36663426830148	-0.428920759840647
INTERIOR	-0.0497803180532369	-0.0993485446942149	-0.389461737324017	-0.388882107477502	-0.118436140643983	-0.292790182275303
INTERIOR	-0.531847923369111	0.306349107057839	-0.397856724442267	-0.596140765470859	-0.65986453759602	-0.653971828818572
INTERIOR	0.675422410501226	-0.616478723490222	-0.378000609978657	-0.330878180329642	0.0234714028792258	-0.345460287457715
EDGE	-0.97765291270126	0.738956492888254	1.75643318114563	1.84265709346724	1.04005944225152	1.84953669570106
INTERIOR	0.114484630562356	-0.225641103441094	-0.143748163712865	-0.147934338547086	0.478996074971841	-0.369710490399013
INTERIOR	-0.690914167631291	0.453926577025278	-0.316873027585638	-0.305226439628427	0.0901058485724782	-0.446965562991971
INTERIOR	-0.496014234685101	0.274185016039818	-0.287348694860627	-0.518826590547514	-0.454509055017708	-0.418639194064582
INTERIOR	0.988641044426352	-0.811931450594629	-0.315031428748497	-0.245576005666812	0.23881990922549	-0.175183806260151
EDGE	-3.4280487065312	5.37567064598421	1.87513187833872	0.0199128070499455	0.289200418741104	1.24780068345987
INTERIOR	-0.126632003881823	-0.0386635141024301	-1.0082213900988	-1.01398602607995	-1.85630319270722	-0.491068712608228
EDGE	-1.33516319276407	1.13580047234647	1.91563214619195	1.88443371110128	2.30078561955551	1.57327972344292
INTERIOR	0.503343353216872	-0.502845297967158	-1.08584531635577	-1.10226889271476	-2.14164905150983	-0.640293719245538
INTERIOR	-0.875596338335064	0.634736799161878	-0.174688541621771	-0.328483503601055	0.0345615634428396	-0.497985650551267
INTERIOR	1.08035184740045	-0.866523612401351	-0.422265629851419	-0.431868464884787	-0.229728617772589	-0.511838046948022
INTERIOR	0.84374986366691	-0.723481556239475	-0.771163515581812	-0.678100391508041	-0.882487620773062	-0.572117706198883
INTERIOR	1.30214694685429	-0.993327745061194	-0.233972408093861	-0.0528419341977877	0.706705186502535	-0.366838804067254
INTERIOR	1.09904782026179	-0.877385724328274	-0.61347963393147	-0.424397896123252	-0.207190610166288	-0.154444166963678
INTERIOR	0.928874043788026	-0.775742528671384	-1.06472490012721	-0.851220042947211	-1.37038200102224	-0.645861347231323
INTERIOR	0.613995445137136	-0.576558889443629	-0.947617123731037	-0.928057344460021	-1.596357626146	-0.288227159011021
INTERIOR	0.614488550655415	-0.576767009516402	-0.197767830438805	-0.155085288278066	0.461844316833507	-0.415569641579434
INTERIOR	0.515318521449007	-0.5108417803794	-0.511433954502763	-0.467900530195813	-0.318006333006398	-0.540110805040735
INTERIOR	-0.392685870668286	0.183249866901109	-0.493465901027342	-0.714380213879728	-0.994900272693652	-0.483561173358598
INTERIOR	-0.0184835412886031	-0.124033559967258	-0.412454003677831	-0.516932263383936	-0.449605664945505	-0.475328722058521
INTERIOR	-0.152397739062	-0.0179315235346573	-0.75282647860921	-0.84410362329689	-1.34897746606289	-0.403260046162144
INTERIOR	0.348719328747441	-0.396109084066338	-0.752046107774239	-0.804156892154134	-1.23434823182847	-0.429962632323724
EDGE	-1.91370908980824	1.90144457801613	3.04943273617535	3.13222212675046	3.2010312537667	3.03624605983764
INTERIOR	0.784447718113593	-0.686475978240627	-0.51734366261071	-0.506365713160636	-0.42289414211579	-0.536772083326535
INTERIOR	1.31263681418958	-0.998790943147079	-0.706715879357477	-0.716649379723051	-0.988725290770324	-0.575878555239104
INTERIOR	0.076322239559515	-0.196768332337127	-0.517065003554516	-0.393417594659803	-0.136265761925923	-0.0267091664512151
INTERIOR	-1.7153606759001	1.6189276237128	0.524140963838528	0.464803820895564	0.374684321397282	0.382502733536513
INTERIOR	0.941715163357696	-0.783566998481818	-0.557100936943742	-0.709351212930439	-0.966965923205354	-0.472780713173379
EDGE	-0.145412134382746	-0.0236606556509284	0.115612406994484	-0.136405748297191	-0.138710927791293	0.04533553537272
INTERIOR	-0.487636588239012	0.26671766470083	0.113346819663399	0.00687892121169254	0.846647368287384	-0.136479740877588
EDGE	-0.995368026952209	0.757772469568361	1.55078473122228	1.93036293376369	1.35519916397404	1.89324709745336
INTERIOR	0.572476527097102	-0.54916796900324	-0.499315264600273	-0.559280355829266	-0.562417173807159	-0.572557479731505
INTERIOR	0.496350373857388	-0.49813582111655	-0.538716372367771	-0.664988992259161	-0.848452064054604	-0.498322769231802
INTERIOR	1.33812566846838	-1.01316225695567	-0.137912358582638	0.162706602576829	1.13122556644211	-0.478959021328827
INTERIOR	1.09904782026179	-0.877163796369797	-0.721396809218224	-0.622894532408076	-0.72884711626841	-0.273476670082143
INTERIOR	0.236234179149283	-0.315508454969363	-0.304289376301865	-0.159418456166967	0.315065011660123	-0.303737231803018
EDGE	-0.987687138294103	0.749471406546447	2.37384524432899	2.36110605611909	0.188085892061888	2.42390424137302
INTERIOR	0.320221642586625	-0.375728719786793	-0.654738274589276	-0.661143147611132	-0.833216286964918	-0.339623261928327
EDGE	-2.14883812460383	2.26945307626274	2.2349691927291	2.21225440879459	0.233036028783702	2.54749120180616
INTERIOR	1.05317258170785	-0.850387898690354	-0.0691383740661701	0.19467019189781	1.28540669411651	-0.465792471409592
INTERIOR	1.09437751574755	-0.874501481466201	0.0954097887218929	0.245201954109719	-2.69554571717787	-0.261962393524936
INTERIOR	-2.30638128729926	2.53962304709471	0.27521394838941	-0.355000803270178	-0.262072059458611	-0.693554147418271
INTERIOR	0.388260753742802	-0.423824558305976	-0.234320191768307	-0.270021056666443	0.161882573755769	-0.547848961670995
INTERIOR	1.07333069761123	-0.86209733267143	-0.659881529584968	-0.534685533815727	-0.50084889182258	-0.379678639658441
INTERIOR	-0.941740794182063	0.702046296432373	-0.243678965184105	-0.506386123136412	-0.418259207721908	-0.454535191279562
INTERIOR	0.569503449121848	-0.547306231546475	-0.698868628225213	-0.757043291403604	-1.09624149476718	-0.505273128249268
INTERIOR	1.03814144078029	-0.841569950169124	-0.200255901427773	-0.0937710705255967	0.597468912426174	-0.561823006161798
INTERIOR	0.159233668197065	-0.259163754148761	-0.69339990344193	-0.711691290751009	-0.971236659148175	-0.48469695060765
EDGE	-1.750686517918	1.6674933216263	1.91239302641878	1.91650857356289	-0.183448206643659	2.43095320107332
INTERIOR	1.02496829006984	-0.833647977984759	-0.776857094271176	-0.685139428596897	-0.899751403438903	-0.386173187512384
INTERIOR	0.0148137321337342	-0.149799262472092	-0.492644551189726	-0.770429095934513	-1.13625886066501	-0.301677439389314
INTERIOR	-0.334333200645767	0.133267781516803	-0.565642913297854	-0.70160648197515	-0.943051716628618	-0.617110333291869
INTERIOR	-0.160464886168576	-0.0114715672210052	0.482359353979802	0.323678551409242	1.5683504732507	-0.202220796656045
INTERIOR	-0.0694635322499705	-0.0839628574684534	-0.729554055154357	-0.875663493351156	-1.44287565511092	-0.449564016409067
INTERIOR	0.668563681545083	-0.612282638120023	-1.05118580773232	-1.0406746502132	-1.94594533807236	-0.56240972709055
INTERIOR	-0.249690561815887	0.0617300488606614	-0.560707011787651	-0.636387217442499	-0.76852521425541	-0.479551599316105
INTERIOR	0.611036236902778	-0.574686225179951	-0.662014665717968	-0.600996811243876	-0.673779238001011	-0.527501757061658
INTERIOR	0.251657218505406	-0.326740884071839	0.00509744215143103	0.193468993477328	1.27323233347337	-0.0797260250032788
INTERIOR	1.24032491985286	-0.958648990182682	-0.93200709697443	-0.892196518567417	-1.48512523901682	-0.546960201865823
INTERIOR	0.665132329596453	-0.60997639390985	-0.734338038221717	-0.348294949524226	-0.0169019763338211	-0.392900557263294
INTERIOR	0.863429569960927	-0.735738518194135	-0.698445633579722	-0.535825960269603	-0.498118044681969	-0.512564517915763
INTERIOR	1.26510539928331	-0.97244437132842	-0.458949179888595	-0.480096473740995	-0.35396854778201	-0.600049210452971
INTERIOR	0.170126590938463	-0.267143752327563	-0.368062151182854	-0.39910068722091	-0.147117462278171	-0.344583739712517
INTERIOR	1.26373051854324	-0.97153850917004	-0.563932224292951	-0.460427737529794	-0.300578253816437	-0.331196502339021
INTERIOR	-0.815731578478288	0.574751431212166	-0.0101937723225969	-0.190606263555345	0.376256246577067	-0.176934615294191
EDGE	-0.611874033107741	0.37970176222901	0.71138616448078	1.02780770539587	-0.262223525812107	1.10283147753871
EDGE	-2.15355091701222	2.27726339890283	3.42478687996617	3.37043623795114	0.605663808590118	4.10396772387235
INTERIOR	-0.950558187422531	0.71122215014786	-0.328773555796598	-0.272989000311634	0.1759741455131	-0.404532993609423
INTERIOR	-0.0280200240642692	-0.116670964022594	-0.622878768210859	-0.727734415934468	-1.01686580350974	-0.417593029295948
EDGE	-0.986506052532402	0.748687526765125	0.894213917066798	1.01721320961371	0.0589609168894551	1.44203509624985
EDGE	-0.413698469855655	0.201614056385179	0.354031172176518	0.153464972366239	0.874300900655318	0.368740025955001
INTERIOR	0.481847375784244	-0.488322587857463	-0.526428787985322	-0.662658978989647	-0.841167793917161	-0.532085274449323
INTERIOR	-1.17992024195183	0.957505235509405	0.230869688612719	-0.0875563060868273	0.383695211880275	-0.420340302675052
INTERIOR	0.164941151208547	-0.263249370298148	0.222582502045228	0.185011583828132	1.19282368143844	-0.260201286111812
INTERIOR	0.0306258031918657	-0.161973561818972	-0.510824712284994	-0.582087005324914	-0.620682049849203	-0.369700825644468
INTERIOR	-0.790858407705495	0.550278601169229	-0.778229280331012	-0.802067619727232	-1.22321275377572	-0.65107774028587
EDGE	-1.29777894697774	1.09215085226011	1.20853089142285	1.13470853247359	0.0280945558758764	1.3357414216679
